(kicad_pcb (version 20171130) (host pcbnew 5.0.1-33cea8e~67~ubuntu18.04.1)

  (general
    (thickness 1.6)
    (drawings 6)
    (tracks 5027)
    (zones 0)
    (modules 49)
    (nets 170)
  )

  (page A4)
  (layers
    (0 F.Cu mixed)
    (1 In1.Cu mixed)
    (2 In2.Cu mixed)
    (31 B.Cu mixed)
    (32 B.Adhes user)
    (33 F.Adhes user)
    (34 B.Paste user)
    (35 F.Paste user)
    (36 B.SilkS user)
    (37 F.SilkS user)
    (38 B.Mask user)
    (39 F.Mask user)
    (40 Dwgs.User user)
    (41 Cmts.User user)
    (42 Eco1.User user)
    (43 Eco2.User user)
    (44 Edge.Cuts user)
    (45 Margin user)
    (46 B.CrtYd user)
    (47 F.CrtYd user)
    (48 B.Fab user)
    (49 F.Fab user)
  )

  (setup
    (last_trace_width 0.2)
    (user_trace_width 0.15)
    (user_trace_width 0.2)
    (user_trace_width 0.3)
    (user_trace_width 0.4)
    (user_trace_width 0.6)
    (user_trace_width 0.8)
    (trace_clearance 0.15)
    (zone_clearance 0.2)
    (zone_45_only no)
    (trace_min 0.15)
    (segment_width 0.2)
    (edge_width 0.05)
    (via_size 0.6)
    (via_drill 0.35)
    (via_min_size 0.3)
    (via_min_drill 0.3)
    (user_via 0.6 0.35)
    (user_via 0.8 0.4)
    (uvia_size 0.3)
    (uvia_drill 0.1)
    (uvias_allowed no)
    (uvia_min_size 0.2)
    (uvia_min_drill 0.1)
    (pcb_text_width 0.3)
    (pcb_text_size 1.5 1.5)
    (mod_edge_width 0.12)
    (mod_text_size 1 1)
    (mod_text_width 0.15)
    (pad_size 3 4)
    (pad_drill 1.57)
    (pad_to_mask_clearance 0.051)
    (solder_mask_min_width 0.25)
    (aux_axis_origin 0 0)
    (visible_elements FFFFF77F)
    (pcbplotparams
      (layerselection 0x010fc_ffffffff)
      (usegerberextensions false)
      (usegerberattributes false)
      (usegerberadvancedattributes false)
      (creategerberjobfile false)
      (excludeedgelayer true)
      (linewidth 0.100000)
      (plotframeref false)
      (viasonmask false)
      (mode 1)
      (useauxorigin false)
      (hpglpennumber 1)
      (hpglpenspeed 20)
      (hpglpendiameter 15.000000)
      (psnegative false)
      (psa4output false)
      (plotreference true)
      (plotvalue true)
      (plotinvisibletext false)
      (padsonsilk false)
      (subtractmaskfromsilk false)
      (outputformat 1)
      (mirror false)
      (drillshape 1)
      (scaleselection 1)
      (outputdirectory ""))
  )

  (net 0 "")
  (net 1 GND)
  (net 2 +5V)
  (net 3 +3V3)
  (net 4 "Net-(C21-Pad1)")
  (net 5 "Net-(C22-Pad1)")
  (net 6 -5V)
  (net 7 -12V)
  (net 8 +12V)
  (net 9 "Net-(J3-Pad1)")
  (net 10 "Net-(J4-Pad1)")
  (net 11 "Net-(J4-Pad2)")
  (net 12 "Net-(J4-Pad3)")
  (net 13 "Net-(J4-Pad4)")
  (net 14 "Net-(J5-Pad1)")
  (net 15 "Net-(J5-Pad2)")
  (net 16 "Net-(J5-Pad3)")
  (net 17 "Net-(J5-Pad4)")
  (net 18 "Net-(J5-Pad5)")
  (net 19 "Net-(J5-Pad6)")
  (net 20 "Net-(J5-Pad7)")
  (net 21 "Net-(J5-Pad8)")
  (net 22 "Net-(J5-Pad10)")
  (net 23 "Net-(J5-Pad11)")
  (net 24 "Net-(J5-Pad12)")
  (net 25 "Net-(J5-Pad13)")
  (net 26 "Net-(J5-Pad14)")
  (net 27 "Net-(J5-Pad15)")
  (net 28 "Net-(J6-Pad1)")
  (net 29 "Net-(J6-Pad3)")
  (net 30 "Net-(J6-Pad4)")
  (net 31 "Net-(J6-Pad6)")
  (net 32 "Net-(R1-Pad2)")
  (net 33 "Net-(R2-Pad2)")
  (net 34 "Net-(R3-Pad2)")
  (net 35 "Net-(R4-Pad2)")
  (net 36 "Net-(SW1-Pad2)")
  (net 37 /A8)
  (net 38 /A9)
  (net 39 /A10)
  (net 40 /A11)
  (net 41 /A12)
  (net 42 /A13)
  (net 43 "Net-(U3-PadB1)")
  (net 44 FC1)
  (net 45 FC2)
  (net 46 CLK)
  (net 47 DSACK0)
  (net 48 STERM)
  (net 49 "Net-(U3-PadJ1)")
  (net 50 "Net-(U3-PadM1)")
  (net 51 /D31)
  (net 52 A0)
  (net 53 "Net-(U3-PadB2)")
  (net 54 "Net-(U3-PadC2)")
  (net 55 FC0)
  (net 56 DSACK1)
  (net 57 HALT)
  (net 58 AS)
  (net 59 DS)
  (net 60 SIZ0)
  (net 61 ECS)
  (net 62 /D28)
  (net 63 /A30)
  (net 64 /A31)
  (net 65 "Net-(U3-PadC3)")
  (net 66 "Net-(U3-PadD3)")
  (net 67 SIZ1)
  (net 68 RW_N)
  (net 69 /D29)
  (net 70 /D26)
  (net 71 /A28)
  (net 72 /A29)
  (net 73 A1)
  (net 74 /D30)
  (net 75 /D27)
  (net 76 /D25)
  (net 77 /A26)
  (net 78 /A27)
  (net 79 /D24)
  (net 80 /D23)
  (net 81 /A24)
  (net 82 /A25)
  (net 83 /D22)
  (net 84 /D21)
  (net 85 /A23)
  (net 86 /A22)
  (net 87 /D20)
  (net 88 /D19)
  (net 89 /A21)
  (net 90 /A20)
  (net 91 /A18)
  (net 92 /D17)
  (net 93 /D18)
  (net 94 /A19)
  (net 95 /A16)
  (net 96 /D14)
  (net 97 /D16)
  (net 98 /A17)
  (net 99 /A14)
  (net 100 /D10)
  (net 101 /D12)
  (net 102 /D15)
  (net 103 /A15)
  (net 104 /A6)
  (net 105 /D5)
  (net 106 /D7)
  (net 107 /D9)
  (net 108 /D13)
  (net 109 /A5)
  (net 110 /A3)
  (net 111 RESET)
  (net 112 IPL2)
  (net 113 CDIS)
  (net 114 "Net-(U3-PadJ12)")
  (net 115 /D1)
  (net 116 /D4)
  (net 117 /D6)
  (net 118 /D11)
  (net 119 /A7)
  (net 120 /A4)
  (net 121 /A2)
  (net 122 "Net-(U3-PadE13)")
  (net 123 MMUDIS)
  (net 124 IPL1)
  (net 125 IPL0)
  (net 126 "Net-(U3-PadJ13)")
  (net 127 /D0)
  (net 128 /D2)
  (net 129 /D3)
  (net 130 /D8)
  (net 131 "Net-(U8-Pad4)")
  (net 132 FPU)
  (net 133 RW0)
  (net 134 _RW0)
  (net 135 RAM0)
  (net 136 RAM1)
  (net 137 RW1)
  (net 138 _RW1)
  (net 139 RAM3)
  (net 140 RAM2)
  (net 141 DELAY)
  (net 142 IRQ_UART)
  (net 143 ROM)
  (net 144 UART)
  (net 145 "Net-(U18-Pad31)")
  (net 146 "Net-(J1-PadA23)")
  (net 147 "Net-(J1-PadB23)")
  (net 148 "Net-(J1-PadC23)")
  (net 149 "Net-(J1-PadA24)")
  (net 150 "Net-(J1-PadB24)")
  (net 151 "Net-(J1-PadC24)")
  (net 152 "Net-(J1-PadA25)")
  (net 153 "Net-(J1-PadB25)")
  (net 154 "Net-(J1-PadC25)")
  (net 155 "Net-(J1-PadC22)")
  (net 156 "Net-(J1-PadA28)")
  (net 157 "Net-(J1-PadA22)")
  (net 158 "Net-(J1-PadB22)")
  (net 159 "Net-(J1-PadA18)")
  (net 160 "Net-(J1-PadC18)")
  (net 161 "Net-(J1-PadB21)")
  (net 162 "Net-(J1-PadA17)")
  (net 163 "Net-(J1-PadA21)")
  (net 164 "Net-(J1-PadC21)")
  (net 165 "Net-(U17-Pad17)")
  (net 166 "Net-(U17-Pad24)")
  (net 167 "Net-(U17-Pad25)")
  (net 168 "Net-(U17-Pad27)")
  (net 169 "Net-(U17-Pad1)")

  (net_class Default "This is the default net class."
    (clearance 0.15)
    (trace_width 0.15)
    (via_dia 0.6)
    (via_drill 0.35)
    (uvia_dia 0.3)
    (uvia_drill 0.1)
    (add_net +12V)
    (add_net +3V3)
    (add_net +5V)
    (add_net -12V)
    (add_net -5V)
    (add_net /A10)
    (add_net /A11)
    (add_net /A12)
    (add_net /A13)
    (add_net /A14)
    (add_net /A15)
    (add_net /A16)
    (add_net /A17)
    (add_net /A18)
    (add_net /A19)
    (add_net /A2)
    (add_net /A20)
    (add_net /A21)
    (add_net /A22)
    (add_net /A23)
    (add_net /A24)
    (add_net /A25)
    (add_net /A26)
    (add_net /A27)
    (add_net /A28)
    (add_net /A29)
    (add_net /A3)
    (add_net /A30)
    (add_net /A31)
    (add_net /A4)
    (add_net /A5)
    (add_net /A6)
    (add_net /A7)
    (add_net /A8)
    (add_net /A9)
    (add_net /D0)
    (add_net /D1)
    (add_net /D10)
    (add_net /D11)
    (add_net /D12)
    (add_net /D13)
    (add_net /D14)
    (add_net /D15)
    (add_net /D16)
    (add_net /D17)
    (add_net /D18)
    (add_net /D19)
    (add_net /D2)
    (add_net /D20)
    (add_net /D21)
    (add_net /D22)
    (add_net /D23)
    (add_net /D24)
    (add_net /D25)
    (add_net /D26)
    (add_net /D27)
    (add_net /D28)
    (add_net /D29)
    (add_net /D3)
    (add_net /D30)
    (add_net /D31)
    (add_net /D4)
    (add_net /D5)
    (add_net /D6)
    (add_net /D7)
    (add_net /D8)
    (add_net /D9)
    (add_net A0)
    (add_net A1)
    (add_net AS)
    (add_net CDIS)
    (add_net CLK)
    (add_net DELAY)
    (add_net DS)
    (add_net DSACK0)
    (add_net DSACK1)
    (add_net ECS)
    (add_net FC0)
    (add_net FC1)
    (add_net FC2)
    (add_net FPU)
    (add_net GND)
    (add_net HALT)
    (add_net IPL0)
    (add_net IPL1)
    (add_net IPL2)
    (add_net IRQ_UART)
    (add_net MMUDIS)
    (add_net "Net-(C21-Pad1)")
    (add_net "Net-(C22-Pad1)")
    (add_net "Net-(J1-PadA17)")
    (add_net "Net-(J1-PadA18)")
    (add_net "Net-(J1-PadA21)")
    (add_net "Net-(J1-PadA22)")
    (add_net "Net-(J1-PadA23)")
    (add_net "Net-(J1-PadA24)")
    (add_net "Net-(J1-PadA25)")
    (add_net "Net-(J1-PadA28)")
    (add_net "Net-(J1-PadB21)")
    (add_net "Net-(J1-PadB22)")
    (add_net "Net-(J1-PadB23)")
    (add_net "Net-(J1-PadB24)")
    (add_net "Net-(J1-PadB25)")
    (add_net "Net-(J1-PadC18)")
    (add_net "Net-(J1-PadC21)")
    (add_net "Net-(J1-PadC22)")
    (add_net "Net-(J1-PadC23)")
    (add_net "Net-(J1-PadC24)")
    (add_net "Net-(J1-PadC25)")
    (add_net "Net-(J3-Pad1)")
    (add_net "Net-(J4-Pad1)")
    (add_net "Net-(J4-Pad2)")
    (add_net "Net-(J4-Pad3)")
    (add_net "Net-(J4-Pad4)")
    (add_net "Net-(J5-Pad1)")
    (add_net "Net-(J5-Pad10)")
    (add_net "Net-(J5-Pad11)")
    (add_net "Net-(J5-Pad12)")
    (add_net "Net-(J5-Pad13)")
    (add_net "Net-(J5-Pad14)")
    (add_net "Net-(J5-Pad15)")
    (add_net "Net-(J5-Pad2)")
    (add_net "Net-(J5-Pad3)")
    (add_net "Net-(J5-Pad4)")
    (add_net "Net-(J5-Pad5)")
    (add_net "Net-(J5-Pad6)")
    (add_net "Net-(J5-Pad7)")
    (add_net "Net-(J5-Pad8)")
    (add_net "Net-(J6-Pad1)")
    (add_net "Net-(J6-Pad3)")
    (add_net "Net-(J6-Pad4)")
    (add_net "Net-(J6-Pad6)")
    (add_net "Net-(R1-Pad2)")
    (add_net "Net-(R2-Pad2)")
    (add_net "Net-(R3-Pad2)")
    (add_net "Net-(R4-Pad2)")
    (add_net "Net-(SW1-Pad2)")
    (add_net "Net-(U17-Pad1)")
    (add_net "Net-(U17-Pad17)")
    (add_net "Net-(U17-Pad24)")
    (add_net "Net-(U17-Pad25)")
    (add_net "Net-(U17-Pad27)")
    (add_net "Net-(U18-Pad31)")
    (add_net "Net-(U3-PadB1)")
    (add_net "Net-(U3-PadB2)")
    (add_net "Net-(U3-PadC2)")
    (add_net "Net-(U3-PadC3)")
    (add_net "Net-(U3-PadD3)")
    (add_net "Net-(U3-PadE13)")
    (add_net "Net-(U3-PadJ1)")
    (add_net "Net-(U3-PadJ12)")
    (add_net "Net-(U3-PadJ13)")
    (add_net "Net-(U3-PadM1)")
    (add_net "Net-(U8-Pad4)")
    (add_net RAM0)
    (add_net RAM1)
    (add_net RAM2)
    (add_net RAM3)
    (add_net RESET)
    (add_net ROM)
    (add_net RW0)
    (add_net RW1)
    (add_net RW_N)
    (add_net SIZ0)
    (add_net SIZ1)
    (add_net STERM)
    (add_net UART)
    (add_net _RW0)
    (add_net _RW1)
  )

  (module BBlitz:SOIC-32 (layer F.Cu) (tedit 0) (tstamp 5BDD2C9C)
    (at 84.2 105.72 270)
    (path /5C4A9A68)
    (fp_text reference U15 (at -8.22 0.2) (layer F.SilkS)
      (effects (font (size 1.2 1.2) (thickness 0.15)))
    )
    (fp_text value AS6C4008 (at 0 0 270) (layer F.Fab)
      (effects (font (size 1.2 1.2) (thickness 0.15)))
    )
    (fp_line (start 10.325 -7.38) (end -9.325 -7.38) (layer F.SilkS) (width 0.15))
    (fp_line (start 10.325 7.38) (end 10.325 -7.38) (layer F.SilkS) (width 0.15))
    (fp_line (start -10.325 7.38) (end 10.325 7.38) (layer F.SilkS) (width 0.15))
    (fp_line (start -10.325 -6.38) (end -10.325 7.38) (layer F.SilkS) (width 0.15))
    (fp_line (start -9.325 -7.38) (end -10.325 -6.38) (layer F.SilkS) (width 0.15))
    (pad 16 smd rect (at 9.525 5.88 270) (size 0.6 2) (layers F.Cu F.Paste F.Mask)
      (net 1 GND))
    (pad 17 smd rect (at 9.525 -5.88 270) (size 0.6 2) (layers F.Cu F.Paste F.Mask)
      (net 75 /D27))
    (pad 15 smd rect (at 8.255 5.88 270) (size 0.6 2) (layers F.Cu F.Paste F.Mask)
      (net 70 /D26))
    (pad 18 smd rect (at 8.255 -5.88 270) (size 0.6 2) (layers F.Cu F.Paste F.Mask)
      (net 62 /D28))
    (pad 14 smd rect (at 6.985 5.88 270) (size 0.6 2) (layers F.Cu F.Paste F.Mask)
      (net 76 /D25))
    (pad 19 smd rect (at 6.985 -5.88 270) (size 0.6 2) (layers F.Cu F.Paste F.Mask)
      (net 69 /D29))
    (pad 13 smd rect (at 5.715 5.88 270) (size 0.6 2) (layers F.Cu F.Paste F.Mask)
      (net 79 /D24))
    (pad 20 smd rect (at 5.715 -5.88 270) (size 0.6 2) (layers F.Cu F.Paste F.Mask)
      (net 74 /D30))
    (pad 12 smd rect (at 4.445 5.88 270) (size 0.6 2) (layers F.Cu F.Paste F.Mask)
      (net 121 /A2))
    (pad 21 smd rect (at 4.445 -5.88 270) (size 0.6 2) (layers F.Cu F.Paste F.Mask)
      (net 51 /D31))
    (pad 11 smd rect (at 3.175 5.88 270) (size 0.6 2) (layers F.Cu F.Paste F.Mask)
      (net 110 /A3))
    (pad 22 smd rect (at 3.175 -5.88 270) (size 0.6 2) (layers F.Cu F.Paste F.Mask)
      (net 139 RAM3))
    (pad 10 smd rect (at 1.905 5.88 270) (size 0.6 2) (layers F.Cu F.Paste F.Mask)
      (net 120 /A4))
    (pad 23 smd rect (at 1.905 -5.88 270) (size 0.6 2) (layers F.Cu F.Paste F.Mask)
      (net 41 /A12))
    (pad 9 smd rect (at 0.635 5.88 270) (size 0.6 2) (layers F.Cu F.Paste F.Mask)
      (net 109 /A5))
    (pad 24 smd rect (at 0.635 -5.88 270) (size 0.6 2) (layers F.Cu F.Paste F.Mask)
      (net 138 _RW1))
    (pad 8 smd rect (at -0.635 5.88 270) (size 0.6 2) (layers F.Cu F.Paste F.Mask)
      (net 104 /A6))
    (pad 25 smd rect (at -0.635 -5.88 270) (size 0.6 2) (layers F.Cu F.Paste F.Mask)
      (net 42 /A13))
    (pad 7 smd rect (at -1.905 5.88 270) (size 0.6 2) (layers F.Cu F.Paste F.Mask)
      (net 119 /A7))
    (pad 26 smd rect (at -1.905 -5.88 270) (size 0.6 2) (layers F.Cu F.Paste F.Mask)
      (net 40 /A11))
    (pad 6 smd rect (at -3.175 5.88 270) (size 0.6 2) (layers F.Cu F.Paste F.Mask)
      (net 37 /A8))
    (pad 27 smd rect (at -3.175 -5.88 270) (size 0.6 2) (layers F.Cu F.Paste F.Mask)
      (net 39 /A10))
    (pad 5 smd rect (at -4.445 5.88 270) (size 0.6 2) (layers F.Cu F.Paste F.Mask)
      (net 38 /A9))
    (pad 28 smd rect (at -4.445 -5.88 270) (size 0.6 2) (layers F.Cu F.Paste F.Mask)
      (net 103 /A15))
    (pad 4 smd rect (at -5.715 5.88 270) (size 0.6 2) (layers F.Cu F.Paste F.Mask)
      (net 99 /A14))
    (pad 29 smd rect (at -5.715 -5.88 270) (size 0.6 2) (layers F.Cu F.Paste F.Mask)
      (net 137 RW1))
    (pad 3 smd rect (at -6.985 5.88 270) (size 0.6 2) (layers F.Cu F.Paste F.Mask)
      (net 95 /A16))
    (pad 30 smd rect (at -6.985 -5.88 270) (size 0.6 2) (layers F.Cu F.Paste F.Mask)
      (net 94 /A19))
    (pad 2 smd rect (at -8.255 5.88 270) (size 0.6 2) (layers F.Cu F.Paste F.Mask)
      (net 91 /A18))
    (pad 31 smd rect (at -8.255 -5.88 270) (size 0.6 2) (layers F.Cu F.Paste F.Mask)
      (net 98 /A17))
    (pad 1 smd rect (at -9.525 5.88 270) (size 0.6 2) (layers F.Cu F.Paste F.Mask)
      (net 90 /A20))
    (pad 32 smd rect (at -9.525 -5.88 270) (size 0.6 2) (layers F.Cu F.Paste F.Mask)
      (net 2 +5V))
    (model ${KISYS3DMOD}/Package_SO.3dshapes/TSSOP-32_6.1x11mm_P0.65mm.wrl
      (at (xyz 0 0 0))
      (scale (xyz 1.6 1.95 1.5))
      (rotate (xyz 0 0 -90))
    )
  )

  (module BBlitz:SOIC-32 (layer F.Cu) (tedit 0) (tstamp 5BDD2D8C)
    (at 84.2 81.195 270)
    (path /5CAF7232)
    (fp_text reference U13 (at -8.195 0) (layer F.SilkS)
      (effects (font (size 1.2 1.2) (thickness 0.15)))
    )
    (fp_text value AS6C4008 (at 0 0 270) (layer F.Fab)
      (effects (font (size 1.2 1.2) (thickness 0.15)))
    )
    (fp_line (start 10.325 -7.38) (end -9.325 -7.38) (layer F.SilkS) (width 0.15))
    (fp_line (start 10.325 7.38) (end 10.325 -7.38) (layer F.SilkS) (width 0.15))
    (fp_line (start -10.325 7.38) (end 10.325 7.38) (layer F.SilkS) (width 0.15))
    (fp_line (start -10.325 -6.38) (end -10.325 7.38) (layer F.SilkS) (width 0.15))
    (fp_line (start -9.325 -7.38) (end -10.325 -6.38) (layer F.SilkS) (width 0.15))
    (pad 16 smd rect (at 9.525 5.88 270) (size 0.6 2) (layers F.Cu F.Paste F.Mask)
      (net 1 GND))
    (pad 17 smd rect (at 9.525 -5.88 270) (size 0.6 2) (layers F.Cu F.Paste F.Mask)
      (net 75 /D27))
    (pad 15 smd rect (at 8.255 5.88 270) (size 0.6 2) (layers F.Cu F.Paste F.Mask)
      (net 70 /D26))
    (pad 18 smd rect (at 8.255 -5.88 270) (size 0.6 2) (layers F.Cu F.Paste F.Mask)
      (net 62 /D28))
    (pad 14 smd rect (at 6.985 5.88 270) (size 0.6 2) (layers F.Cu F.Paste F.Mask)
      (net 76 /D25))
    (pad 19 smd rect (at 6.985 -5.88 270) (size 0.6 2) (layers F.Cu F.Paste F.Mask)
      (net 69 /D29))
    (pad 13 smd rect (at 5.715 5.88 270) (size 0.6 2) (layers F.Cu F.Paste F.Mask)
      (net 79 /D24))
    (pad 20 smd rect (at 5.715 -5.88 270) (size 0.6 2) (layers F.Cu F.Paste F.Mask)
      (net 74 /D30))
    (pad 12 smd rect (at 4.445 5.88 270) (size 0.6 2) (layers F.Cu F.Paste F.Mask)
      (net 121 /A2))
    (pad 21 smd rect (at 4.445 -5.88 270) (size 0.6 2) (layers F.Cu F.Paste F.Mask)
      (net 51 /D31))
    (pad 11 smd rect (at 3.175 5.88 270) (size 0.6 2) (layers F.Cu F.Paste F.Mask)
      (net 110 /A3))
    (pad 22 smd rect (at 3.175 -5.88 270) (size 0.6 2) (layers F.Cu F.Paste F.Mask)
      (net 139 RAM3))
    (pad 10 smd rect (at 1.905 5.88 270) (size 0.6 2) (layers F.Cu F.Paste F.Mask)
      (net 120 /A4))
    (pad 23 smd rect (at 1.905 -5.88 270) (size 0.6 2) (layers F.Cu F.Paste F.Mask)
      (net 41 /A12))
    (pad 9 smd rect (at 0.635 5.88 270) (size 0.6 2) (layers F.Cu F.Paste F.Mask)
      (net 109 /A5))
    (pad 24 smd rect (at 0.635 -5.88 270) (size 0.6 2) (layers F.Cu F.Paste F.Mask)
      (net 134 _RW0))
    (pad 8 smd rect (at -0.635 5.88 270) (size 0.6 2) (layers F.Cu F.Paste F.Mask)
      (net 104 /A6))
    (pad 25 smd rect (at -0.635 -5.88 270) (size 0.6 2) (layers F.Cu F.Paste F.Mask)
      (net 42 /A13))
    (pad 7 smd rect (at -1.905 5.88 270) (size 0.6 2) (layers F.Cu F.Paste F.Mask)
      (net 119 /A7))
    (pad 26 smd rect (at -1.905 -5.88 270) (size 0.6 2) (layers F.Cu F.Paste F.Mask)
      (net 40 /A11))
    (pad 6 smd rect (at -3.175 5.88 270) (size 0.6 2) (layers F.Cu F.Paste F.Mask)
      (net 37 /A8))
    (pad 27 smd rect (at -3.175 -5.88 270) (size 0.6 2) (layers F.Cu F.Paste F.Mask)
      (net 39 /A10))
    (pad 5 smd rect (at -4.445 5.88 270) (size 0.6 2) (layers F.Cu F.Paste F.Mask)
      (net 38 /A9))
    (pad 28 smd rect (at -4.445 -5.88 270) (size 0.6 2) (layers F.Cu F.Paste F.Mask)
      (net 103 /A15))
    (pad 4 smd rect (at -5.715 5.88 270) (size 0.6 2) (layers F.Cu F.Paste F.Mask)
      (net 99 /A14))
    (pad 29 smd rect (at -5.715 -5.88 270) (size 0.6 2) (layers F.Cu F.Paste F.Mask)
      (net 133 RW0))
    (pad 3 smd rect (at -6.985 5.88 270) (size 0.6 2) (layers F.Cu F.Paste F.Mask)
      (net 95 /A16))
    (pad 30 smd rect (at -6.985 -5.88 270) (size 0.6 2) (layers F.Cu F.Paste F.Mask)
      (net 94 /A19))
    (pad 2 smd rect (at -8.255 5.88 270) (size 0.6 2) (layers F.Cu F.Paste F.Mask)
      (net 91 /A18))
    (pad 31 smd rect (at -8.255 -5.88 270) (size 0.6 2) (layers F.Cu F.Paste F.Mask)
      (net 98 /A17))
    (pad 1 smd rect (at -9.525 5.88 270) (size 0.6 2) (layers F.Cu F.Paste F.Mask)
      (net 90 /A20))
    (pad 32 smd rect (at -9.525 -5.88 270) (size 0.6 2) (layers F.Cu F.Paste F.Mask)
      (net 2 +5V))
    (model ${KISYS3DMOD}/Package_SO.3dshapes/TSSOP-32_6.1x11mm_P0.65mm.wrl
      (at (xyz 0 0 0))
      (scale (xyz 1.6 1.95 1.5))
      (rotate (xyz 0 0 -90))
    )
  )

  (module BBlitz:SOIC-32 (layer F.Cu) (tedit 0) (tstamp 5BDD2C24)
    (at 129.28 81.2 270)
    (path /5CC89908)
    (fp_text reference U9 (at -8.2 0) (layer F.SilkS)
      (effects (font (size 1.2 1.2) (thickness 0.15)))
    )
    (fp_text value AS6C4008 (at 0 0 270) (layer F.Fab)
      (effects (font (size 1.2 1.2) (thickness 0.15)))
    )
    (fp_line (start -9.325 -7.38) (end -10.325 -6.38) (layer F.SilkS) (width 0.15))
    (fp_line (start -10.325 -6.38) (end -10.325 7.38) (layer F.SilkS) (width 0.15))
    (fp_line (start -10.325 7.38) (end 10.325 7.38) (layer F.SilkS) (width 0.15))
    (fp_line (start 10.325 7.38) (end 10.325 -7.38) (layer F.SilkS) (width 0.15))
    (fp_line (start 10.325 -7.38) (end -9.325 -7.38) (layer F.SilkS) (width 0.15))
    (pad 32 smd rect (at -9.525 -5.88 270) (size 0.6 2) (layers F.Cu F.Paste F.Mask)
      (net 2 +5V))
    (pad 1 smd rect (at -9.525 5.88 270) (size 0.6 2) (layers F.Cu F.Paste F.Mask)
      (net 90 /A20))
    (pad 31 smd rect (at -8.255 -5.88 270) (size 0.6 2) (layers F.Cu F.Paste F.Mask)
      (net 98 /A17))
    (pad 2 smd rect (at -8.255 5.88 270) (size 0.6 2) (layers F.Cu F.Paste F.Mask)
      (net 91 /A18))
    (pad 30 smd rect (at -6.985 -5.88 270) (size 0.6 2) (layers F.Cu F.Paste F.Mask)
      (net 94 /A19))
    (pad 3 smd rect (at -6.985 5.88 270) (size 0.6 2) (layers F.Cu F.Paste F.Mask)
      (net 95 /A16))
    (pad 29 smd rect (at -5.715 -5.88 270) (size 0.6 2) (layers F.Cu F.Paste F.Mask)
      (net 133 RW0))
    (pad 4 smd rect (at -5.715 5.88 270) (size 0.6 2) (layers F.Cu F.Paste F.Mask)
      (net 99 /A14))
    (pad 28 smd rect (at -4.445 -5.88 270) (size 0.6 2) (layers F.Cu F.Paste F.Mask)
      (net 103 /A15))
    (pad 5 smd rect (at -4.445 5.88 270) (size 0.6 2) (layers F.Cu F.Paste F.Mask)
      (net 38 /A9))
    (pad 27 smd rect (at -3.175 -5.88 270) (size 0.6 2) (layers F.Cu F.Paste F.Mask)
      (net 39 /A10))
    (pad 6 smd rect (at -3.175 5.88 270) (size 0.6 2) (layers F.Cu F.Paste F.Mask)
      (net 37 /A8))
    (pad 26 smd rect (at -1.905 -5.88 270) (size 0.6 2) (layers F.Cu F.Paste F.Mask)
      (net 40 /A11))
    (pad 7 smd rect (at -1.905 5.88 270) (size 0.6 2) (layers F.Cu F.Paste F.Mask)
      (net 119 /A7))
    (pad 25 smd rect (at -0.635 -5.88 270) (size 0.6 2) (layers F.Cu F.Paste F.Mask)
      (net 42 /A13))
    (pad 8 smd rect (at -0.635 5.88 270) (size 0.6 2) (layers F.Cu F.Paste F.Mask)
      (net 104 /A6))
    (pad 24 smd rect (at 0.635 -5.88 270) (size 0.6 2) (layers F.Cu F.Paste F.Mask)
      (net 134 _RW0))
    (pad 9 smd rect (at 0.635 5.88 270) (size 0.6 2) (layers F.Cu F.Paste F.Mask)
      (net 109 /A5))
    (pad 23 smd rect (at 1.905 -5.88 270) (size 0.6 2) (layers F.Cu F.Paste F.Mask)
      (net 41 /A12))
    (pad 10 smd rect (at 1.905 5.88 270) (size 0.6 2) (layers F.Cu F.Paste F.Mask)
      (net 120 /A4))
    (pad 22 smd rect (at 3.175 -5.88 270) (size 0.6 2) (layers F.Cu F.Paste F.Mask)
      (net 135 RAM0))
    (pad 11 smd rect (at 3.175 5.88 270) (size 0.6 2) (layers F.Cu F.Paste F.Mask)
      (net 110 /A3))
    (pad 21 smd rect (at 4.445 -5.88 270) (size 0.6 2) (layers F.Cu F.Paste F.Mask)
      (net 106 /D7))
    (pad 12 smd rect (at 4.445 5.88 270) (size 0.6 2) (layers F.Cu F.Paste F.Mask)
      (net 121 /A2))
    (pad 20 smd rect (at 5.715 -5.88 270) (size 0.6 2) (layers F.Cu F.Paste F.Mask)
      (net 117 /D6))
    (pad 13 smd rect (at 5.715 5.88 270) (size 0.6 2) (layers F.Cu F.Paste F.Mask)
      (net 127 /D0))
    (pad 19 smd rect (at 6.985 -5.88 270) (size 0.6 2) (layers F.Cu F.Paste F.Mask)
      (net 105 /D5))
    (pad 14 smd rect (at 6.985 5.88 270) (size 0.6 2) (layers F.Cu F.Paste F.Mask)
      (net 115 /D1))
    (pad 18 smd rect (at 8.255 -5.88 270) (size 0.6 2) (layers F.Cu F.Paste F.Mask)
      (net 116 /D4))
    (pad 15 smd rect (at 8.255 5.88 270) (size 0.6 2) (layers F.Cu F.Paste F.Mask)
      (net 128 /D2))
    (pad 17 smd rect (at 9.525 -5.88 270) (size 0.6 2) (layers F.Cu F.Paste F.Mask)
      (net 129 /D3))
    (pad 16 smd rect (at 9.525 5.88 270) (size 0.6 2) (layers F.Cu F.Paste F.Mask)
      (net 1 GND))
    (model ${KISYS3DMOD}/Package_SO.3dshapes/TSSOP-32_6.1x11mm_P0.65mm.wrl
      (at (xyz 0 0 0))
      (scale (xyz 1.6 1.95 1.5))
      (rotate (xyz 0 0 -90))
    )
  )

  (module Capacitor_SMD:C_1206_3216Metric_Pad1.42x1.75mm_HandSolder (layer F.Cu) (tedit 5B301BBE) (tstamp 5BCAC59D)
    (at 99.5125 69)
    (descr "Capacitor SMD 1206 (3216 Metric), square (rectangular) end terminal, IPC_7351 nominal with elongated pad for handsoldering. (Body size source: http://www.tortai-tech.com/upload/download/2011102023233369053.pdf), generated with kicad-footprint-generator")
    (tags "capacitor handsolder")
    (path /5BF9F935)
    (attr smd)
    (fp_text reference C1 (at -4.0125 0) (layer F.SilkS)
      (effects (font (size 1 1) (thickness 0.15)))
    )
    (fp_text value 100nf (at 0 1.82) (layer F.Fab)
      (effects (font (size 1 1) (thickness 0.15)))
    )
    (fp_line (start -1.6 0.8) (end -1.6 -0.8) (layer F.Fab) (width 0.1))
    (fp_line (start -1.6 -0.8) (end 1.6 -0.8) (layer F.Fab) (width 0.1))
    (fp_line (start 1.6 -0.8) (end 1.6 0.8) (layer F.Fab) (width 0.1))
    (fp_line (start 1.6 0.8) (end -1.6 0.8) (layer F.Fab) (width 0.1))
    (fp_line (start -0.602064 -0.91) (end 0.602064 -0.91) (layer F.SilkS) (width 0.12))
    (fp_line (start -0.602064 0.91) (end 0.602064 0.91) (layer F.SilkS) (width 0.12))
    (fp_line (start -2.45 1.12) (end -2.45 -1.12) (layer F.CrtYd) (width 0.05))
    (fp_line (start -2.45 -1.12) (end 2.45 -1.12) (layer F.CrtYd) (width 0.05))
    (fp_line (start 2.45 -1.12) (end 2.45 1.12) (layer F.CrtYd) (width 0.05))
    (fp_line (start 2.45 1.12) (end -2.45 1.12) (layer F.CrtYd) (width 0.05))
    (fp_text user %R (at 0 0) (layer F.Fab)
      (effects (font (size 0.8 0.8) (thickness 0.12)))
    )
    (pad 1 smd roundrect (at -1.4875 0) (size 1.425 1.75) (layers F.Cu F.Paste F.Mask) (roundrect_rratio 0.175439)
      (net 1 GND))
    (pad 2 smd roundrect (at 1.4875 0) (size 1.425 1.75) (layers F.Cu F.Paste F.Mask) (roundrect_rratio 0.175439)
      (net 2 +5V))
    (model ${KISYS3DMOD}/Capacitor_SMD.3dshapes/C_1206_3216Metric.wrl
      (at (xyz 0 0 0))
      (scale (xyz 1 1 1))
      (rotate (xyz 0 0 0))
    )
  )

  (module Capacitor_SMD:C_1206_3216Metric_Pad1.42x1.75mm_HandSolder (layer F.Cu) (tedit 5B301BBE) (tstamp 5BC97018)
    (at 66.61 74.3175 90)
    (descr "Capacitor SMD 1206 (3216 Metric), square (rectangular) end terminal, IPC_7351 nominal with elongated pad for handsoldering. (Body size source: http://www.tortai-tech.com/upload/download/2011102023233369053.pdf), generated with kicad-footprint-generator")
    (tags "capacitor handsolder")
    (path /5BF9FA1D)
    (attr smd)
    (fp_text reference C2 (at 0 2 90) (layer F.SilkS)
      (effects (font (size 1 1) (thickness 0.15)))
    )
    (fp_text value 10uf (at 0 1.82 90) (layer F.Fab)
      (effects (font (size 1 1) (thickness 0.15)))
    )
    (fp_text user %R (at 0 0 90) (layer F.Fab)
      (effects (font (size 0.8 0.8) (thickness 0.12)))
    )
    (fp_line (start 2.45 1.12) (end -2.45 1.12) (layer F.CrtYd) (width 0.05))
    (fp_line (start 2.45 -1.12) (end 2.45 1.12) (layer F.CrtYd) (width 0.05))
    (fp_line (start -2.45 -1.12) (end 2.45 -1.12) (layer F.CrtYd) (width 0.05))
    (fp_line (start -2.45 1.12) (end -2.45 -1.12) (layer F.CrtYd) (width 0.05))
    (fp_line (start -0.602064 0.91) (end 0.602064 0.91) (layer F.SilkS) (width 0.12))
    (fp_line (start -0.602064 -0.91) (end 0.602064 -0.91) (layer F.SilkS) (width 0.12))
    (fp_line (start 1.6 0.8) (end -1.6 0.8) (layer F.Fab) (width 0.1))
    (fp_line (start 1.6 -0.8) (end 1.6 0.8) (layer F.Fab) (width 0.1))
    (fp_line (start -1.6 -0.8) (end 1.6 -0.8) (layer F.Fab) (width 0.1))
    (fp_line (start -1.6 0.8) (end -1.6 -0.8) (layer F.Fab) (width 0.1))
    (pad 2 smd roundrect (at 1.4875 0 90) (size 1.425 1.75) (layers F.Cu F.Paste F.Mask) (roundrect_rratio 0.175439)
      (net 1 GND))
    (pad 1 smd roundrect (at -1.4875 0 90) (size 1.425 1.75) (layers F.Cu F.Paste F.Mask) (roundrect_rratio 0.175439)
      (net 2 +5V))
    (model ${KISYS3DMOD}/Capacitor_SMD.3dshapes/C_1206_3216Metric.wrl
      (at (xyz 0 0 0))
      (scale (xyz 1 1 1))
      (rotate (xyz 0 0 0))
    )
  )

  (module Capacitor_SMD:C_1206_3216Metric_Pad1.42x1.75mm_HandSolder (layer F.Cu) (tedit 5B301BBE) (tstamp 5BC97029)
    (at 114.5125 93.5)
    (descr "Capacitor SMD 1206 (3216 Metric), square (rectangular) end terminal, IPC_7351 nominal with elongated pad for handsoldering. (Body size source: http://www.tortai-tech.com/upload/download/2011102023233369053.pdf), generated with kicad-footprint-generator")
    (tags "capacitor handsolder")
    (path /5BF9F93D)
    (attr smd)
    (fp_text reference C3 (at -4.0125 0) (layer F.SilkS)
      (effects (font (size 1 1) (thickness 0.15)))
    )
    (fp_text value 100nf (at 0 1.82) (layer F.Fab)
      (effects (font (size 1 1) (thickness 0.15)))
    )
    (fp_text user %R (at 0 0) (layer F.Fab)
      (effects (font (size 0.8 0.8) (thickness 0.12)))
    )
    (fp_line (start 2.45 1.12) (end -2.45 1.12) (layer F.CrtYd) (width 0.05))
    (fp_line (start 2.45 -1.12) (end 2.45 1.12) (layer F.CrtYd) (width 0.05))
    (fp_line (start -2.45 -1.12) (end 2.45 -1.12) (layer F.CrtYd) (width 0.05))
    (fp_line (start -2.45 1.12) (end -2.45 -1.12) (layer F.CrtYd) (width 0.05))
    (fp_line (start -0.602064 0.91) (end 0.602064 0.91) (layer F.SilkS) (width 0.12))
    (fp_line (start -0.602064 -0.91) (end 0.602064 -0.91) (layer F.SilkS) (width 0.12))
    (fp_line (start 1.6 0.8) (end -1.6 0.8) (layer F.Fab) (width 0.1))
    (fp_line (start 1.6 -0.8) (end 1.6 0.8) (layer F.Fab) (width 0.1))
    (fp_line (start -1.6 -0.8) (end 1.6 -0.8) (layer F.Fab) (width 0.1))
    (fp_line (start -1.6 0.8) (end -1.6 -0.8) (layer F.Fab) (width 0.1))
    (pad 2 smd roundrect (at 1.4875 0) (size 1.425 1.75) (layers F.Cu F.Paste F.Mask) (roundrect_rratio 0.175439)
      (net 2 +5V))
    (pad 1 smd roundrect (at -1.4875 0) (size 1.425 1.75) (layers F.Cu F.Paste F.Mask) (roundrect_rratio 0.175439)
      (net 1 GND))
    (model ${KISYS3DMOD}/Capacitor_SMD.3dshapes/C_1206_3216Metric.wrl
      (at (xyz 0 0 0))
      (scale (xyz 1 1 1))
      (rotate (xyz 0 0 0))
    )
  )

  (module Capacitor_SMD:C_1206_3216Metric_Pad1.42x1.75mm_HandSolder (layer F.Cu) (tedit 5B301BBE) (tstamp 5BCAC6BA)
    (at 99.5125 93.5)
    (descr "Capacitor SMD 1206 (3216 Metric), square (rectangular) end terminal, IPC_7351 nominal with elongated pad for handsoldering. (Body size source: http://www.tortai-tech.com/upload/download/2011102023233369053.pdf), generated with kicad-footprint-generator")
    (tags "capacitor handsolder")
    (path /5BF9F947)
    (attr smd)
    (fp_text reference C4 (at -4.0125 0) (layer F.SilkS)
      (effects (font (size 1 1) (thickness 0.15)))
    )
    (fp_text value 100nf (at 0 1.82) (layer F.Fab)
      (effects (font (size 1 1) (thickness 0.15)))
    )
    (fp_line (start -1.6 0.8) (end -1.6 -0.8) (layer F.Fab) (width 0.1))
    (fp_line (start -1.6 -0.8) (end 1.6 -0.8) (layer F.Fab) (width 0.1))
    (fp_line (start 1.6 -0.8) (end 1.6 0.8) (layer F.Fab) (width 0.1))
    (fp_line (start 1.6 0.8) (end -1.6 0.8) (layer F.Fab) (width 0.1))
    (fp_line (start -0.602064 -0.91) (end 0.602064 -0.91) (layer F.SilkS) (width 0.12))
    (fp_line (start -0.602064 0.91) (end 0.602064 0.91) (layer F.SilkS) (width 0.12))
    (fp_line (start -2.45 1.12) (end -2.45 -1.12) (layer F.CrtYd) (width 0.05))
    (fp_line (start -2.45 -1.12) (end 2.45 -1.12) (layer F.CrtYd) (width 0.05))
    (fp_line (start 2.45 -1.12) (end 2.45 1.12) (layer F.CrtYd) (width 0.05))
    (fp_line (start 2.45 1.12) (end -2.45 1.12) (layer F.CrtYd) (width 0.05))
    (fp_text user %R (at 0 0) (layer F.Fab)
      (effects (font (size 0.8 0.8) (thickness 0.12)))
    )
    (pad 1 smd roundrect (at -1.4875 0) (size 1.425 1.75) (layers F.Cu F.Paste F.Mask) (roundrect_rratio 0.175439)
      (net 1 GND))
    (pad 2 smd roundrect (at 1.4875 0) (size 1.425 1.75) (layers F.Cu F.Paste F.Mask) (roundrect_rratio 0.175439)
      (net 2 +5V))
    (model ${KISYS3DMOD}/Capacitor_SMD.3dshapes/C_1206_3216Metric.wrl
      (at (xyz 0 0 0))
      (scale (xyz 1 1 1))
      (rotate (xyz 0 0 0))
    )
  )

  (module Capacitor_SMD:C_1206_3216Metric_Pad1.42x1.75mm_HandSolder (layer F.Cu) (tedit 5B301BBE) (tstamp 5BC9704B)
    (at 105.4625 56.12)
    (descr "Capacitor SMD 1206 (3216 Metric), square (rectangular) end terminal, IPC_7351 nominal with elongated pad for handsoldering. (Body size source: http://www.tortai-tech.com/upload/download/2011102023233369053.pdf), generated with kicad-footprint-generator")
    (tags "capacitor handsolder")
    (path /5BF9F951)
    (attr smd)
    (fp_text reference C5 (at 0 -1.82) (layer F.SilkS)
      (effects (font (size 1 1) (thickness 0.15)))
    )
    (fp_text value 100nf (at 0 1.82) (layer F.Fab)
      (effects (font (size 1 1) (thickness 0.15)))
    )
    (fp_text user %R (at 0 0) (layer F.Fab)
      (effects (font (size 0.8 0.8) (thickness 0.12)))
    )
    (fp_line (start 2.45 1.12) (end -2.45 1.12) (layer F.CrtYd) (width 0.05))
    (fp_line (start 2.45 -1.12) (end 2.45 1.12) (layer F.CrtYd) (width 0.05))
    (fp_line (start -2.45 -1.12) (end 2.45 -1.12) (layer F.CrtYd) (width 0.05))
    (fp_line (start -2.45 1.12) (end -2.45 -1.12) (layer F.CrtYd) (width 0.05))
    (fp_line (start -0.602064 0.91) (end 0.602064 0.91) (layer F.SilkS) (width 0.12))
    (fp_line (start -0.602064 -0.91) (end 0.602064 -0.91) (layer F.SilkS) (width 0.12))
    (fp_line (start 1.6 0.8) (end -1.6 0.8) (layer F.Fab) (width 0.1))
    (fp_line (start 1.6 -0.8) (end 1.6 0.8) (layer F.Fab) (width 0.1))
    (fp_line (start -1.6 -0.8) (end 1.6 -0.8) (layer F.Fab) (width 0.1))
    (fp_line (start -1.6 0.8) (end -1.6 -0.8) (layer F.Fab) (width 0.1))
    (pad 2 smd roundrect (at 1.4875 0) (size 1.425 1.75) (layers F.Cu F.Paste F.Mask) (roundrect_rratio 0.175439)
      (net 2 +5V))
    (pad 1 smd roundrect (at -1.4875 0) (size 1.425 1.75) (layers F.Cu F.Paste F.Mask) (roundrect_rratio 0.175439)
      (net 1 GND))
    (model ${KISYS3DMOD}/Capacitor_SMD.3dshapes/C_1206_3216Metric.wrl
      (at (xyz 0 0 0))
      (scale (xyz 1 1 1))
      (rotate (xyz 0 0 0))
    )
  )

  (module Capacitor_Tantalum_SMD:CP_EIA-3528-12_Kemet-T_Pad1.50x2.35mm_HandSolder (layer F.Cu) (tedit 5B342532) (tstamp 5BC9705E)
    (at 55.61 74.455 270)
    (descr "Tantalum Capacitor SMD Kemet-T (3528-12 Metric), IPC_7351 nominal, (Body size from: http://www.kemet.com/Lists/ProductCatalog/Attachments/253/KEM_TC101_STD.pdf), generated with kicad-footprint-generator")
    (tags "capacitor tantalum")
    (path /5BF9FA23)
    (attr smd)
    (fp_text reference C6 (at 0 0) (layer F.SilkS)
      (effects (font (size 1 1) (thickness 0.15)))
    )
    (fp_text value 22uf (at 0 2.35 270) (layer F.Fab)
      (effects (font (size 1 1) (thickness 0.15)))
    )
    (fp_line (start 1.75 -1.4) (end -1.05 -1.4) (layer F.Fab) (width 0.1))
    (fp_line (start -1.05 -1.4) (end -1.75 -0.7) (layer F.Fab) (width 0.1))
    (fp_line (start -1.75 -0.7) (end -1.75 1.4) (layer F.Fab) (width 0.1))
    (fp_line (start -1.75 1.4) (end 1.75 1.4) (layer F.Fab) (width 0.1))
    (fp_line (start 1.75 1.4) (end 1.75 -1.4) (layer F.Fab) (width 0.1))
    (fp_line (start 1.75 -1.51) (end -2.635 -1.51) (layer F.SilkS) (width 0.12))
    (fp_line (start -2.635 -1.51) (end -2.635 1.51) (layer F.SilkS) (width 0.12))
    (fp_line (start -2.635 1.51) (end 1.75 1.51) (layer F.SilkS) (width 0.12))
    (fp_line (start -2.62 1.65) (end -2.62 -1.65) (layer F.CrtYd) (width 0.05))
    (fp_line (start -2.62 -1.65) (end 2.62 -1.65) (layer F.CrtYd) (width 0.05))
    (fp_line (start 2.62 -1.65) (end 2.62 1.65) (layer F.CrtYd) (width 0.05))
    (fp_line (start 2.62 1.65) (end -2.62 1.65) (layer F.CrtYd) (width 0.05))
    (fp_text user %R (at 0 0 270) (layer F.Fab)
      (effects (font (size 0.88 0.88) (thickness 0.13)))
    )
    (pad 1 smd roundrect (at -1.625 0 270) (size 1.5 2.35) (layers F.Cu F.Paste F.Mask) (roundrect_rratio 0.166667)
      (net 3 +3V3))
    (pad 2 smd roundrect (at 1.625 0 270) (size 1.5 2.35) (layers F.Cu F.Paste F.Mask) (roundrect_rratio 0.166667)
      (net 1 GND))
    (model ${KISYS3DMOD}/Capacitor_Tantalum_SMD.3dshapes/CP_EIA-3528-12_Kemet-T.wrl
      (at (xyz 0 0 0))
      (scale (xyz 1 1 1))
      (rotate (xyz 0 0 0))
    )
  )

  (module Capacitor_SMD:C_1206_3216Metric_Pad1.42x1.75mm_HandSolder (layer F.Cu) (tedit 5B301BBE) (tstamp 5BC9C1AB)
    (at 96.68 52.4625 270)
    (descr "Capacitor SMD 1206 (3216 Metric), square (rectangular) end terminal, IPC_7351 nominal with elongated pad for handsoldering. (Body size source: http://www.tortai-tech.com/upload/download/2011102023233369053.pdf), generated with kicad-footprint-generator")
    (tags "capacitor handsolder")
    (path /5BF9F95B)
    (attr smd)
    (fp_text reference C7 (at 0 -1.82 270) (layer F.SilkS)
      (effects (font (size 1 1) (thickness 0.15)))
    )
    (fp_text value 100nf (at 0 1.82 270) (layer F.Fab)
      (effects (font (size 1 1) (thickness 0.15)))
    )
    (fp_line (start -1.6 0.8) (end -1.6 -0.8) (layer F.Fab) (width 0.1))
    (fp_line (start -1.6 -0.8) (end 1.6 -0.8) (layer F.Fab) (width 0.1))
    (fp_line (start 1.6 -0.8) (end 1.6 0.8) (layer F.Fab) (width 0.1))
    (fp_line (start 1.6 0.8) (end -1.6 0.8) (layer F.Fab) (width 0.1))
    (fp_line (start -0.602064 -0.91) (end 0.602064 -0.91) (layer F.SilkS) (width 0.12))
    (fp_line (start -0.602064 0.91) (end 0.602064 0.91) (layer F.SilkS) (width 0.12))
    (fp_line (start -2.45 1.12) (end -2.45 -1.12) (layer F.CrtYd) (width 0.05))
    (fp_line (start -2.45 -1.12) (end 2.45 -1.12) (layer F.CrtYd) (width 0.05))
    (fp_line (start 2.45 -1.12) (end 2.45 1.12) (layer F.CrtYd) (width 0.05))
    (fp_line (start 2.45 1.12) (end -2.45 1.12) (layer F.CrtYd) (width 0.05))
    (fp_text user %R (at 0 0 270) (layer F.Fab)
      (effects (font (size 0.8 0.8) (thickness 0.12)))
    )
    (pad 1 smd roundrect (at -1.4875 0 270) (size 1.425 1.75) (layers F.Cu F.Paste F.Mask) (roundrect_rratio 0.175439)
      (net 1 GND))
    (pad 2 smd roundrect (at 1.4875 0 270) (size 1.425 1.75) (layers F.Cu F.Paste F.Mask) (roundrect_rratio 0.175439)
      (net 2 +5V))
    (model ${KISYS3DMOD}/Capacitor_SMD.3dshapes/C_1206_3216Metric.wrl
      (at (xyz 0 0 0))
      (scale (xyz 1 1 1))
      (rotate (xyz 0 0 0))
    )
  )

  (module Capacitor_SMD:C_1206_3216Metric_Pad1.42x1.75mm_HandSolder (layer F.Cu) (tedit 5B301BBE) (tstamp 5BDD1620)
    (at 84.5 93.5)
    (descr "Capacitor SMD 1206 (3216 Metric), square (rectangular) end terminal, IPC_7351 nominal with elongated pad for handsoldering. (Body size source: http://www.tortai-tech.com/upload/download/2011102023233369053.pdf), generated with kicad-footprint-generator")
    (tags "capacitor handsolder")
    (path /5BF9F96B)
    (attr smd)
    (fp_text reference C8 (at -4 0) (layer F.SilkS)
      (effects (font (size 1 1) (thickness 0.15)))
    )
    (fp_text value 100nf (at 0 1.82) (layer F.Fab)
      (effects (font (size 1 1) (thickness 0.15)))
    )
    (fp_line (start -1.6 0.8) (end -1.6 -0.8) (layer F.Fab) (width 0.1))
    (fp_line (start -1.6 -0.8) (end 1.6 -0.8) (layer F.Fab) (width 0.1))
    (fp_line (start 1.6 -0.8) (end 1.6 0.8) (layer F.Fab) (width 0.1))
    (fp_line (start 1.6 0.8) (end -1.6 0.8) (layer F.Fab) (width 0.1))
    (fp_line (start -0.602064 -0.91) (end 0.602064 -0.91) (layer F.SilkS) (width 0.12))
    (fp_line (start -0.602064 0.91) (end 0.602064 0.91) (layer F.SilkS) (width 0.12))
    (fp_line (start -2.45 1.12) (end -2.45 -1.12) (layer F.CrtYd) (width 0.05))
    (fp_line (start -2.45 -1.12) (end 2.45 -1.12) (layer F.CrtYd) (width 0.05))
    (fp_line (start 2.45 -1.12) (end 2.45 1.12) (layer F.CrtYd) (width 0.05))
    (fp_line (start 2.45 1.12) (end -2.45 1.12) (layer F.CrtYd) (width 0.05))
    (fp_text user %R (at 0 0) (layer F.Fab)
      (effects (font (size 0.8 0.8) (thickness 0.12)))
    )
    (pad 1 smd roundrect (at -1.4875 0) (size 1.425 1.75) (layers F.Cu F.Paste F.Mask) (roundrect_rratio 0.175439)
      (net 1 GND))
    (pad 2 smd roundrect (at 1.4875 0) (size 1.425 1.75) (layers F.Cu F.Paste F.Mask) (roundrect_rratio 0.175439)
      (net 2 +5V))
    (model ${KISYS3DMOD}/Capacitor_SMD.3dshapes/C_1206_3216Metric.wrl
      (at (xyz 0 0 0))
      (scale (xyz 1 1 1))
      (rotate (xyz 0 0 0))
    )
  )

  (module Capacitor_SMD:C_1206_3216Metric_Pad1.42x1.75mm_HandSolder (layer F.Cu) (tedit 5B301BBE) (tstamp 5BC9C6D9)
    (at 121.43 40.8525 90)
    (descr "Capacitor SMD 1206 (3216 Metric), square (rectangular) end terminal, IPC_7351 nominal with elongated pad for handsoldering. (Body size source: http://www.tortai-tech.com/upload/download/2011102023233369053.pdf), generated with kicad-footprint-generator")
    (tags "capacitor handsolder")
    (path /5BF9F979)
    (attr smd)
    (fp_text reference C9 (at 3.2225 0.02 180) (layer F.SilkS)
      (effects (font (size 1 1) (thickness 0.15)))
    )
    (fp_text value 100nf (at 0 1.82 90) (layer F.Fab)
      (effects (font (size 1 1) (thickness 0.15)))
    )
    (fp_line (start -1.6 0.8) (end -1.6 -0.8) (layer F.Fab) (width 0.1))
    (fp_line (start -1.6 -0.8) (end 1.6 -0.8) (layer F.Fab) (width 0.1))
